66.67 2.49
77.78 2.51
72.22 2.55
61.11 2.5
77.78 2.51
83.33 2.52
66.67 2.51
72.22 2.53
72.22 2.54
72.22 2.56
72.22 2.5
83.33 2.5
72.22 3.19
88.89 2.49
83.33 2.49
66.67 2.53
61.11 2.56
83.33 2.53
72.22 2.49
72.22 2.53
72.22 2.5
83.33 2.5
83.33 2.51
77.78 2.53
66.67 2.46
61.11 2.47
66.67 2.61
66.67 2.52
61.11 2.48
63.89 2.48
66.67 2.47
66.67 3.4
72.22 2.48
75.0 2.48
66.67 2.46
83.33 2.46
75.0 2.48
55.56 2.67
72.22 2.55
72.22 2.51
77.78 2.52
77.78 2.48
75.0 2.47
66.67 2.65
80.56 3.28
75.0 3.32
66.67 2.49
66.67 2.67
66.67 2.47
83.33 2.61
66.67 2.48
66.67 2.52
72.22 2.55
63.89 2.45
55.56 2.47
61.11 2.95
66.67 2.83
72.22 2.54
72.22 2.72
66.67 2.51
72.22 2.58
63.89 2.56
66.67 2.5
77.78 2.57
83.33 2.65
66.67 2.59
66.67 2.72
69.44 2.66
77.78 2.92
72.22 2.55
61.11 2.46
72.22 2.62
55.56 2.53
