59.72 26.51
61.11 24.7
58.33 25.33
56.25 26.94
60.42 24.37
56.25 25.41
61.11 26.51
63.89 24.66
59.03 24.78
59.72 26.27
59.03 24.52
61.81 24.79
63.19 26.19
63.19 24.42
58.33 24.33
54.86 26.7
55.56 24.5
60.42 24.15
58.33 27.15
52.08 24.68
61.81 25.0
61.81 27.02
61.11 24.58
56.94 24.67
50.0 27.81
60.42 25.19
57.64 25.15
56.25 27.83
47.22 24.95
59.03 25.58
53.47 28.47
61.11 24.77
59.03 25.0
52.78 27.13
54.17 24.75
61.81 25.03
57.64 27.36
58.33 25.37
55.56 24.94
56.25 27.25
58.33 25.11
55.56 26.61
50.0 27.39
55.56 25.13
59.03 24.86
65.28 26.96
57.64 24.81
57.64 24.99
52.78 27.07
58.33 24.78
58.33 24.93
50.0 27.12
52.08 24.71
54.17 24.96
61.81 28.06
61.11 25.32
59.03 25.58
54.86 28.11
57.64 25.05
49.31 26.16
63.89 27.94
51.39 24.94
56.94 25.62
58.33 27.08
63.19 24.9
56.25 25.44
