58.0 15.58
69.0 15.03
53.0 16.57
60.0 15.64
53.0 14.83
62.0 15.59
58.0 15.59
53.0 16.18
55.0 15.34
64.0 15.2
68.0 16.06
62.0 15.21
57.0 15.06
66.0 16.14
60.0 15.64
66.0 15.29
55.0 16.02
55.0 15.3
59.0 14.86
61.0 16.03
60.0 15.22
62.0 15.04
54.0 16.11
43.0 15.21
59.0 15.12
58.0 16.1
56.0 15.11
64.0 15.18
51.0 16.48
58.0 15.95
43.0 15.58
60.0 17.04
59.0 15.95
60.0 15.95
58.0 16.6
58.0 15.25
64.0 15.24
65.0 16.18
52.0 18.75
62.0 18.65
51.0 19.53
56.0 15.96
54.0 15.45
53.0 16.44
58.0 15.31
60.0 15.42
58.0 16.5
60.0 15.24
61.0 15.08
56.0 16.1
61.0 15.81
61.0 15.43
48.0 16.27
66.0 15.25
52.0 15.22
61.0 16.13
56.0 15.89
60.0 15.48
59.0 16.61
51.0 16.08
67.0 15.33
58.0 16.3
58.0 15.62
64.0 15.81
57.0 16.66
54.0 15.39
60.0 15.19
64.0 16.1
